[dat]
query=27:2971,555,1446,1891,1390,1,8title_pos=75:2971,779,555,115,2971,779,555,1891,2971,779,555,1891,1446,1891,8,14209,1891title_neg=66:219,1,1390,1446,1891,92,362,21,1749
,5024,2973,292,4986,242,461,242label_pos=1:1label_neg=1:0
[dat]
query=27:2971,555,1446,1891,1390,1,8title_pos=75:2971,779,555,115,2971,779,555,1891,2971,779,555,1891,1446,1891,8,14209,1891title_neg=61:2971,779,555,83,5157,224,2971,555,1
891,77,8,641,971,712,747,2label_pos=1:1label_neg=1:0
[dat]
query=27:2971,555,1446,1891,1390,1,8title_pos=75:2971,779,555,115,2971,779,555,1891,2971,779,555,1891,1446,1891,8,14209,1891title_neg=29:940,456,1,1446,1891,6,4,391,1label_
pos=1:1label_neg=1:0
[dat]
query=13:2971,555,2752title_pos=45:2971,555,162,199,96,658,160,22,5548,712,747,2title_neg=59:2971,555,13861,224,86,2752,7517,2971,555,2752,3989,86,818,2label_pos=1:1label_n
eg=1:0
[dat]
query=13:2971,555,2752title_pos=50:2971,555,2752,224,39,31,86,97,162,199,471,680,6127title_neg=42:2971,555,2752,224,678,1439,5968,2045,116,2label_pos=1:1label_neg=1:0
[dat]
query=13:2971,555,2752title_pos=45:2971,555,162,199,96,658,160,22,5548,712,747,2title_neg=64:2971,555,2752,227,2971,555,2752,227,86,86,97,600,31,86,1570,1338label_pos=1:1la
bel_neg=1:0
[dat]
query=13:2971,555,2752title_pos=61:2971,555,2752,224,2752,443,756,1567,1712,442,3343,146,501,996title_neg=31:2971,555,2752,227,678,1439,2187label_pos=1:1label_neg=1:0
[dat]
query=13:2971,555,2752title_pos=61:2971,555,2752,224,382,11,1965,3050,18,11438,923,639,1074,1047title_neg=31:2971,555,2752,227,678,1439,2187label_pos=1:1label_neg=1:0
[dat]
query=13:2971,555,2752title_pos=45:2971,555,162,199,96,658,160,22,5548,712,747,2title_neg=38:2971,555,2752,678,1439,5968,2045,116,2label_pos=1:1label_neg=1:0
[dat]
query=13:2971,555,2752title_pos=50:2971,555,2752,224,39,31,86,97,162,199,471,680,6127title_neg=38:2971,555,2752,678,5973,1439,3113,116,2label_pos=1:1label_neg=1:0
[dat]
query=13:2971,555,2752title_pos=24:2971,555,2752,816,91,157title_neg=59:2971,555,13861,224,86,2752,7517,2971,555,2752,3989,86,818,2label_pos=1:2label_neg=1:0
[dat]
query=13:2971,555,2752title_pos=24:2971,555,2752,816,91,157title_neg=61:2971,555,2752,224,2752,443,756,1567,1712,442,3343,146,501,996label_pos=1:2label_neg=1:1
[dat]
query=13:2971,555,2752title_pos=24:2971,555,2752,816,91,157title_neg=22:2971,555,2752,224,3,16label_pos=1:2label_neg=1:1
[dat]
query=13:2971,555,2752title_pos=24:2971,555,2752,816,91,157title_neg=64:2971,555,2752,227,2971,555,2752,227,86,86,97,600,31,86,1570,1338label_pos=1:2label_neg=1:0
[dat]
query=13:2971,555,2752title_pos=65:2971,555,930,210,110,389,2752,1891,741,638,971,1511,639,1074,1047title_neg=64:2971,555,2752,227,2971,555,2752,227,86,86,97,600,31,86,1570
,1338label_pos=1:1label_neg=1:0
[dat]
query=13:2971,555,2752title_pos=42:2971,779,555,1,2752,13,28351,60,288,91,157title_neg=31:2971,555,2752,227,678,1439,2187label_pos=1:1label_neg=1:0
[dat]
query=13:2971,555,2752title_pos=42:2971,779,555,1,2752,13,28351,60,288,91,157title_neg=38:2971,555,2752,678,5973,1439,3113,116,2label_pos=1:1label_neg=1:0
[dat]
query=13:2971,555,2752title_pos=42:2971,779,555,1,2752,13,28351,60,288,91,157title_neg=57:2971,555,2752,876,2971,555,2752,3828,885,1948,1395,57,979label_pos=1:1label_neg=1:
0
[dat]
query=13:2971,555,2752title_pos=36:2971,779,555,2471,1891,9666,1942,224title_neg=36:2971,555,2752,224,199,96,7368,3147,2label_pos=1:2label_neg=1:0
[dat]
query=13:2971,555,2752title_pos=36:2971,779,555,2471,1891,9666,1942,224title_neg=31:2971,555,2752,227,678,1439,2187label_pos=1:2label_neg=1:0
